1.000000	-0.000000
2.000000	-0.132974
3.000000	-0.257657
4.000000	-0.374802
5.000000	-0.485074
6.000000	-0.589061
7.000000	-0.687287
8.000000	-0.780216
9.000000	-0.868265
10.000000	-0.951810
11.000000	-1.031187
12.000000	-1.106698
13.000000	-1.178621
14.000000	-1.247202
15.000000	-1.312670
16.000000	-1.375230
17.000000	-1.435072
18.000000	-1.492368
19.000000	-1.547276
20.000000	-1.599942
21.000000	-1.650499
22.000000	-1.699070
23.000000	-1.745770
24.000000	-1.790704
25.000000	-1.833969
26.000000	-1.875656
27.000000	-1.915848
28.000000	-1.954624
29.000000	-1.992057
30.000000	-2.028215
31.000000	-2.063160
32.000000	-2.096952
33.000000	-2.129647
34.000000	-2.161296
35.000000	-2.191949
36.000000	-2.221650
37.000000	-2.250443
38.000000	-2.278368
39.000000	-2.305463
40.000000	-2.331765
41.000000	-2.357306
42.000000	-2.382119
43.000000	-2.406234
44.000000	-2.429679
45.000000	-2.452482
46.000000	-2.474667
47.000000	-2.496260
48.000000	-2.517283
49.000000	-2.537757
50.000000	-2.557704
51.000000	-2.577144
52.000000	-2.596094
53.000000	-2.614573
54.000000	-2.632598
55.000000	-2.650184
56.000000	-2.667348
57.000000	-2.684103
58.000000	-2.700464
59.000000	-2.716444
60.000000	-2.732056
61.000000	-2.747312
62.000000	-2.762225
63.000000	-2.776804
64.000000	-2.791060
65.000000	-2.805005
66.000000	-2.818647
67.000000	-2.831996
68.000000	-2.845062
69.000000	-2.857852
70.000000	-2.870375
71.000000	-2.882639
72.000000	-2.894652
73.000000	-2.906421
74.000000	-2.917953
75.000000	-2.929255
76.000000	-2.940333
77.000000	-2.951195
78.000000	-2.961845
79.000000	-2.972289
80.000000	-2.982534
81.000000	-2.992585
82.000000	-3.002447
83.000000	-3.012124
84.000000	-3.021623
85.000000	-3.030947
86.000000	-3.040101
87.000000	-3.049090
88.000000	-3.057918
89.000000	-3.066588
90.000000	-3.075105
91.000000	-3.083473
92.000000	-3.091695
93.000000	-3.099774
94.000000	-3.107715
95.000000	-3.115521
96.000000	-3.123195
97.000000	-3.130740
98.000000	-3.138159
99.000000	-3.145454
100.000000	-3.152630
101.000000	-3.159689
102.000000	-3.166632
103.000000	-3.173464
104.000000	-3.180186
105.000000	-3.186802
106.000000	-3.193312
107.000000	-3.199720
108.000000	-3.206028
109.000000	-3.212238
110.000000	-3.218352
111.000000	-3.224373
112.000000	-3.230301
113.000000	-3.236140
114.000000	-3.241891
115.000000	-3.247555
116.000000	-3.253135
117.000000	-3.258633
118.000000	-3.264050
119.000000	-3.269387
120.000000	-3.274647
121.000000	-3.279831
122.000000	-3.284940
123.000000	-3.289976
124.000000	-3.294940
125.000000	-3.299834
126.000000	-3.304659
127.000000	-3.309417
128.000000	-3.314108
129.000000	-3.318734
130.000000	-3.323296
131.000000	-3.327796
132.000000	-3.332234
133.000000	-3.336612
134.000000	-3.340931
135.000000	-3.345192
136.000000	-3.349396
137.000000	-3.353543
138.000000	-3.357636
139.000000	-3.361675
140.000000	-3.365661
141.000000	-3.369595
142.000000	-3.373477
143.000000	-3.377310
144.000000	-3.381093
145.000000	-3.384827
146.000000	-3.388514
147.000000	-3.392154
148.000000	-3.395748
149.000000	-3.399296
150.000000	-3.402801
151.000000	-3.406261
152.000000	-3.409678
153.000000	-3.413053
154.000000	-3.416387
155.000000	-3.419679
156.000000	-3.422931
157.000000	-3.426144
158.000000	-3.429318
159.000000	-3.432453
160.000000	-3.435551
161.000000	-3.438611
162.000000	-3.441635
163.000000	-3.444623
164.000000	-3.447576
165.000000	-3.450494
166.000000	-3.453378
167.000000	-3.456228
168.000000	-3.459044
169.000000	-3.461828
170.000000	-3.464580
171.000000	-3.467300
172.000000	-3.469989
173.000000	-3.472647
174.000000	-3.475275
175.000000	-3.477873
176.000000	-3.480441
177.000000	-3.482981
178.000000	-3.485492
179.000000	-3.487975
180.000000	-3.490430
181.000000	-3.492858
182.000000	-3.495259
183.000000	-3.497633
184.000000	-3.499981
185.000000	-3.502304
186.000000	-3.504601
187.000000	-3.506873
188.000000	-3.509121
189.000000	-3.511344
190.000000	-3.513543
191.000000	-3.515718
192.000000	-3.517871
193.000000	-3.520000
194.000000	-3.522106
195.000000	-3.524190
196.000000	-3.526252
197.000000	-3.528292
198.000000	-3.530311
199.000000	-3.532309
200.000000	-3.534285
201.000000	-3.536241
202.000000	-3.538177
203.000000	-3.540093
204.000000	-3.541988
205.000000	-3.543865
206.000000	-3.545722
207.000000	-3.547560
208.000000	-3.549379
209.000000	-3.551179
210.000000	-3.552962
211.000000	-3.554726
212.000000	-3.556472
213.000000	-3.558201
214.000000	-3.559912
215.000000	-3.561607
216.000000	-3.563284
217.000000	-3.564945
218.000000	-3.566589
219.000000	-3.568216
220.000000	-3.569828
221.000000	-3.571424
222.000000	-3.573004
223.000000	-3.574568
224.000000	-3.576118
225.000000	-3.577652
226.000000	-3.579171
227.000000	-3.580675
228.000000	-3.582165
229.000000	-3.583640
230.000000	-3.585101
231.000000	-3.586548
232.000000	-3.587982
233.000000	-3.589401
234.000000	-3.590807
235.000000	-3.592199
236.000000	-3.593579
237.000000	-3.594945
238.000000	-3.596298
239.000000	-3.597638
240.000000	-3.598966
241.000000	-3.600281
242.000000	-3.601584
243.000000	-3.602875
244.000000	-3.604154
245.000000	-3.605421
246.000000	-3.606676
247.000000	-3.607919
248.000000	-3.609151
249.000000	-3.610371
250.000000	-3.611580
251.000000	-3.612779
252.000000	-3.613966
253.000000	-3.615142
254.000000	-3.616307
255.000000	-3.617462
256.000000	-3.618606
257.000000	-3.619740
258.000000	-3.620864
259.000000	-3.621977
260.000000	-3.623081
261.000000	-3.624174
262.000000	-3.625258
263.000000	-3.626332
264.000000	-3.627396
265.000000	-3.628451
266.000000	-3.629496
267.000000	-3.630532
268.000000	-3.631559
269.000000	-3.632577
270.000000	-3.633585
271.000000	-3.634585
272.000000	-3.635576
273.000000	-3.636558
274.000000	-3.637532
275.000000	-3.638497
276.000000	-3.639453
277.000000	-3.640402
278.000000	-3.641341
279.000000	-3.642273
280.000000	-3.643197
281.000000	-3.644112
282.000000	-3.645020
283.000000	-3.645920
284.000000	-3.646812
285.000000	-3.647696
286.000000	-3.648573
287.000000	-3.649442
288.000000	-3.650304
289.000000	-3.651158
290.000000	-3.652005
291.000000	-3.652845
292.000000	-3.653678
293.000000	-3.654503
294.000000	-3.655322
295.000000	-3.656133
296.000000	-3.656938
297.000000	-3.657736
298.000000	-3.658527
299.000000	-3.659312
300.000000	-3.660089
301.000000	-3.660861
302.000000	-3.661626
303.000000	-3.662384
304.000000	-3.663136
305.000000	-3.663882
306.000000	-3.664622
307.000000	-3.665355
308.000000	-3.666083
309.000000	-3.666804
310.000000	-3.667519
311.000000	-3.668229
312.000000	-3.668932
313.000000	-3.669630
314.000000	-3.670322
315.000000	-3.671008
316.000000	-3.671689
317.000000	-3.672364
318.000000	-3.673034
319.000000	-3.673698
320.000000	-3.674356
321.000000	-3.675010
322.000000	-3.675658
323.000000	-3.676300
324.000000	-3.676938
325.000000	-3.677570
326.000000	-3.678197
327.000000	-3.678819
328.000000	-3.679436
329.000000	-3.680048
330.000000	-3.680655
331.000000	-3.681257
332.000000	-3.681855
333.000000	-3.682447
334.000000	-3.683035
335.000000	-3.683618
336.000000	-3.684197
337.000000	-3.684771
338.000000	-3.685340
339.000000	-3.685905
340.000000	-3.686465
341.000000	-3.687021
342.000000	-3.687572
343.000000	-3.688119
344.000000	-3.688661
345.000000	-3.689200
346.000000	-3.689734
347.000000	-3.690264
348.000000	-3.690789
349.000000	-3.691311
350.000000	-3.691828
351.000000	-3.692342
352.000000	-3.692851
353.000000	-3.693357
354.000000	-3.693858
355.000000	-3.694355
356.000000	-3.694849
357.000000	-3.695339
358.000000	-3.695825
359.000000	-3.696307
360.000000	-3.696785
361.000000	-3.697260
362.000000	-3.697731
363.000000	-3.698198
364.000000	-3.698662
365.000000	-3.699122
366.000000	-3.699579
367.000000	-3.700032
368.000000	-3.700481
369.000000	-3.700928
370.000000	-3.701370
371.000000	-3.701810
372.000000	-3.702246
373.000000	-3.702678
374.000000	-3.703107
375.000000	-3.703533
376.000000	-3.703956
377.000000	-3.704376
378.000000	-3.704792
379.000000	-3.705205
380.000000	-3.705615
381.000000	-3.706022
382.000000	-3.706426
383.000000	-3.706826
384.000000	-3.707224
385.000000	-3.707619
386.000000	-3.708010
387.000000	-3.708399
388.000000	-3.708785
389.000000	-3.709168
390.000000	-3.709548
391.000000	-3.709925
392.000000	-3.710299
393.000000	-3.710671
394.000000	-3.711039
395.000000	-3.711405
396.000000	-3.711769
397.000000	-3.712129
398.000000	-3.712487
399.000000	-3.712842
400.000000	-3.713194
401.000000	-3.713544
402.000000	-3.713892
403.000000	-3.714236
404.000000	-3.714578
405.000000	-3.714918
406.000000	-3.715255
407.000000	-3.715589
408.000000	-3.715921
409.000000	-3.716251
410.000000	-3.716578
411.000000	-3.716903
412.000000	-3.717225
413.000000	-3.717545
414.000000	-3.717863
415.000000	-3.718178
416.000000	-3.718491
417.000000	-3.718802
418.000000	-3.719110
419.000000	-3.719416
420.000000	-3.719720
421.000000	-3.720022
422.000000	-3.720321
423.000000	-3.720619
424.000000	-3.720914
425.000000	-3.721207
426.000000	-3.721498
427.000000	-3.721786
428.000000	-3.722073
429.000000	-3.722357
430.000000	-3.722640
431.000000	-3.722920
432.000000	-3.723199
433.000000	-3.723475
434.000000	-3.723749
435.000000	-3.724022
436.000000	-3.724292
437.000000	-3.724561
438.000000	-3.724827
439.000000	-3.725092
440.000000	-3.725355
441.000000	-3.725615
442.000000	-3.725874
443.000000	-3.726131
444.000000	-3.726387
445.000000	-3.726640
446.000000	-3.726892
447.000000	-3.727141
448.000000	-3.727389
449.000000	-3.727636
450.000000	-3.727880
451.000000	-3.728123
452.000000	-3.728364
453.000000	-3.728603
454.000000	-3.728841
455.000000	-3.729077
456.000000	-3.729311
457.000000	-3.729543
458.000000	-3.729774
459.000000	-3.730004
460.000000	-3.730231
461.000000	-3.730457
462.000000	-3.730682
463.000000	-3.730905
464.000000	-3.731126
465.000000	-3.731346
466.000000	-3.731564
467.000000	-3.731781
468.000000	-3.731996
469.000000	-3.732209
470.000000	-3.732421
471.000000	-3.732632
472.000000	-3.732841
473.000000	-3.733049
474.000000	-3.733255
475.000000	-3.733460
476.000000	-3.733663
477.000000	-3.733865
478.000000	-3.734066
479.000000	-3.734265
480.000000	-3.734463
481.000000	-3.734659
482.000000	-3.734854
483.000000	-3.735048
484.000000	-3.735240
485.000000	-3.735431
486.000000	-3.735621
487.000000	-3.735809
488.000000	-3.735996
489.000000	-3.736182
490.000000	-3.736366
491.000000	-3.736550
492.000000	-3.736732
493.000000	-3.736912
494.000000	-3.737092
495.000000	-3.737270
496.000000	-3.737447
497.000000	-3.737623
498.000000	-3.737797
499.000000	-3.737971
500.000000	-3.738143
501.000000	-3.738314
