1.000000	-0.000000
2.000000	-0.112227
3.000000	-0.217002
4.000000	-0.315052
5.000000	-0.407010
6.000000	-0.493433
7.000000	-0.574810
8.000000	-0.651576
9.000000	-0.724115
10.000000	-0.792769
11.000000	-0.857845
12.000000	-0.919617
13.000000	-0.978334
14.000000	-1.034217
15.000000	-1.087469
16.000000	-1.138272
17.000000	-1.186792
18.000000	-1.233182
19.000000	-1.277578
20.000000	-1.320107
21.000000	-1.360886
22.000000	-1.400021
23.000000	-1.437609
24.000000	-1.473742
25.000000	-1.508501
26.000000	-1.541965
27.000000	-1.574205
28.000000	-1.605287
29.000000	-1.635272
30.000000	-1.664217
31.000000	-1.692177
32.000000	-1.719201
33.000000	-1.745334
34.000000	-1.770621
35.000000	-1.795101
36.000000	-1.818813
37.000000	-1.841793
38.000000	-1.864074
39.000000	-1.885688
40.000000	-1.906663
41.000000	-1.927029
42.000000	-1.946810
43.000000	-1.966033
44.000000	-1.984719
45.000000	-2.002892
46.000000	-2.020573
47.000000	-2.037780
48.000000	-2.054533
49.000000	-2.070849
50.000000	-2.086746
51.000000	-2.102239
52.000000	-2.117344
53.000000	-2.132074
54.000000	-2.146444
55.000000	-2.160466
56.000000	-2.174153
57.000000	-2.187517
58.000000	-2.200570
59.000000	-2.213321
60.000000	-2.225781
61.000000	-2.237960
62.000000	-2.249868
63.000000	-2.261512
64.000000	-2.272903
65.000000	-2.284048
66.000000	-2.294954
67.000000	-2.305630
68.000000	-2.316082
69.000000	-2.326318
70.000000	-2.336345
71.000000	-2.346167
72.000000	-2.355792
73.000000	-2.365226
74.000000	-2.374474
75.000000	-2.383541
76.000000	-2.392433
77.000000	-2.401154
78.000000	-2.409710
79.000000	-2.418105
80.000000	-2.426344
81.000000	-2.434431
82.000000	-2.442369
83.000000	-2.450164
84.000000	-2.457819
85.000000	-2.465337
86.000000	-2.472722
87.000000	-2.479978
88.000000	-2.487108
89.000000	-2.494115
90.000000	-2.501002
91.000000	-2.507773
92.000000	-2.514430
93.000000	-2.520976
94.000000	-2.527414
95.000000	-2.533746
96.000000	-2.539975
97.000000	-2.546104
98.000000	-2.552134
99.000000	-2.558069
100.000000	-2.563909
101.000000	-2.569659
102.000000	-2.575319
103.000000	-2.580892
104.000000	-2.586379
105.000000	-2.591783
106.000000	-2.597106
107.000000	-2.602348
108.000000	-2.607513
109.000000	-2.612602
110.000000	-2.617616
111.000000	-2.622557
112.000000	-2.627426
113.000000	-2.632226
114.000000	-2.636957
115.000000	-2.641621
116.000000	-2.646219
117.000000	-2.650753
118.000000	-2.655224
119.000000	-2.659634
120.000000	-2.663983
121.000000	-2.668273
122.000000	-2.672504
123.000000	-2.676679
124.000000	-2.680798
125.000000	-2.684863
126.000000	-2.688874
127.000000	-2.692832
128.000000	-2.696739
129.000000	-2.700595
130.000000	-2.704402
131.000000	-2.708160
132.000000	-2.711870
133.000000	-2.715533
134.000000	-2.719150
135.000000	-2.722722
136.000000	-2.726250
137.000000	-2.729734
138.000000	-2.733175
139.000000	-2.736575
140.000000	-2.739933
141.000000	-2.743251
142.000000	-2.746529
143.000000	-2.749767
144.000000	-2.752968
145.000000	-2.756130
146.000000	-2.759256
147.000000	-2.762345
148.000000	-2.765398
149.000000	-2.768416
150.000000	-2.771399
151.000000	-2.774349
152.000000	-2.777265
153.000000	-2.780147
154.000000	-2.782998
155.000000	-2.785816
156.000000	-2.788604
157.000000	-2.791360
158.000000	-2.794086
159.000000	-2.796782
160.000000	-2.799449
161.000000	-2.802087
162.000000	-2.804697
163.000000	-2.807278
164.000000	-2.809832
165.000000	-2.812359
166.000000	-2.814859
167.000000	-2.817332
168.000000	-2.819780
169.000000	-2.822202
170.000000	-2.824600
171.000000	-2.826972
172.000000	-2.829320
173.000000	-2.831644
174.000000	-2.833945
175.000000	-2.836222
176.000000	-2.838476
177.000000	-2.840707
178.000000	-2.842916
179.000000	-2.845104
180.000000	-2.847269
181.000000	-2.849413
182.000000	-2.851537
183.000000	-2.853639
184.000000	-2.855721
185.000000	-2.857783
186.000000	-2.859825
187.000000	-2.861847
188.000000	-2.863850
189.000000	-2.865834
190.000000	-2.867800
191.000000	-2.869746
192.000000	-2.871675
193.000000	-2.873585
194.000000	-2.875478
195.000000	-2.877353
196.000000	-2.879210
197.000000	-2.881051
198.000000	-2.882875
199.000000	-2.884682
200.000000	-2.886473
201.000000	-2.888247
202.000000	-2.890006
203.000000	-2.891749
204.000000	-2.893476
205.000000	-2.895188
206.000000	-2.896885
207.000000	-2.898566
208.000000	-2.900233
209.000000	-2.901886
210.000000	-2.903524
211.000000	-2.905147
212.000000	-2.906757
213.000000	-2.908353
214.000000	-2.909935
215.000000	-2.911503
216.000000	-2.913059
217.000000	-2.914601
218.000000	-2.916130
219.000000	-2.917646
220.000000	-2.919149
221.000000	-2.920640
222.000000	-2.922118
223.000000	-2.923584
224.000000	-2.925038
225.000000	-2.926480
226.000000	-2.927911
227.000000	-2.929329
228.000000	-2.930736
229.000000	-2.932132
230.000000	-2.933516
231.000000	-2.934889
232.000000	-2.936251
233.000000	-2.937602
234.000000	-2.938942
235.000000	-2.940272
236.000000	-2.941591
237.000000	-2.942900
238.000000	-2.944199
239.000000	-2.945487
240.000000	-2.946765
241.000000	-2.948034
242.000000	-2.949292
243.000000	-2.950541
244.000000	-2.951780
245.000000	-2.953010
246.000000	-2.954230
247.000000	-2.955441
248.000000	-2.956643
249.000000	-2.957836
250.000000	-2.959019
251.000000	-2.960194
252.000000	-2.961360
253.000000	-2.962517
254.000000	-2.963666
255.000000	-2.964806
256.000000	-2.965938
257.000000	-2.967061
258.000000	-2.968176
259.000000	-2.969283
260.000000	-2.970382
261.000000	-2.971473
262.000000	-2.972556
263.000000	-2.973631
264.000000	-2.974698
265.000000	-2.975758
266.000000	-2.976810
267.000000	-2.977855
268.000000	-2.978892
269.000000	-2.979922
270.000000	-2.980945
271.000000	-2.981960
272.000000	-2.982968
273.000000	-2.983969
274.000000	-2.984963
275.000000	-2.985951
276.000000	-2.986931
277.000000	-2.987905
278.000000	-2.988872
279.000000	-2.989832
280.000000	-2.990785
281.000000	-2.991733
282.000000	-2.992673
283.000000	-2.993608
284.000000	-2.994535
285.000000	-2.995457
286.000000	-2.996373
287.000000	-2.997282
288.000000	-2.998185
289.000000	-2.999082
290.000000	-2.999974
291.000000	-3.000859
292.000000	-3.001738
293.000000	-3.002612
294.000000	-3.003480
295.000000	-3.004342
296.000000	-3.005199
297.000000	-3.006050
298.000000	-3.006895
299.000000	-3.007735
300.000000	-3.008570
301.000000	-3.009399
302.000000	-3.010223
303.000000	-3.011041
304.000000	-3.011855
305.000000	-3.012663
306.000000	-3.013466
307.000000	-3.014264
308.000000	-3.015057
309.000000	-3.015845
310.000000	-3.016627
311.000000	-3.017405
312.000000	-3.018179
313.000000	-3.018947
314.000000	-3.019710
315.000000	-3.020469
316.000000	-3.021223
317.000000	-3.021973
318.000000	-3.022718
319.000000	-3.023458
320.000000	-3.024194
321.000000	-3.024925
322.000000	-3.025652
323.000000	-3.026374
324.000000	-3.027092
325.000000	-3.027806
326.000000	-3.028515
327.000000	-3.029220
328.000000	-3.029921
329.000000	-3.030618
330.000000	-3.031310
331.000000	-3.031999
332.000000	-3.032683
333.000000	-3.033364
334.000000	-3.034040
335.000000	-3.034712
336.000000	-3.035381
337.000000	-3.036045
338.000000	-3.036706
339.000000	-3.037362
340.000000	-3.038015
341.000000	-3.038665
342.000000	-3.039310
343.000000	-3.039952
344.000000	-3.040590
345.000000	-3.041224
346.000000	-3.041855
347.000000	-3.042482
348.000000	-3.043105
349.000000	-3.043725
350.000000	-3.044342
351.000000	-3.044955
352.000000	-3.045564
353.000000	-3.046170
354.000000	-3.046773
355.000000	-3.047373
356.000000	-3.047969
357.000000	-3.048561
358.000000	-3.049151
359.000000	-3.049737
360.000000	-3.050320
361.000000	-3.050899
362.000000	-3.051476
363.000000	-3.052049
364.000000	-3.052619
365.000000	-3.053187
366.000000	-3.053751
367.000000	-3.054311
368.000000	-3.054869
369.000000	-3.055424
370.000000	-3.055976
371.000000	-3.056525
372.000000	-3.057071
373.000000	-3.057614
374.000000	-3.058154
375.000000	-3.058692
376.000000	-3.059226
377.000000	-3.059758
378.000000	-3.060286
379.000000	-3.060812
380.000000	-3.061335
381.000000	-3.061856
382.000000	-3.062374
383.000000	-3.062889
384.000000	-3.063401
385.000000	-3.063911
386.000000	-3.064418
387.000000	-3.064922
388.000000	-3.065424
389.000000	-3.065923
390.000000	-3.066420
391.000000	-3.066914
392.000000	-3.067405
393.000000	-3.067894
394.000000	-3.068381
395.000000	-3.068865
396.000000	-3.069346
397.000000	-3.069826
398.000000	-3.070302
399.000000	-3.070777
400.000000	-3.071249
401.000000	-3.071718
402.000000	-3.072185
403.000000	-3.072650
404.000000	-3.073113
405.000000	-3.073573
406.000000	-3.074031
407.000000	-3.074487
408.000000	-3.074940
409.000000	-3.075391
410.000000	-3.075840
411.000000	-3.076287
412.000000	-3.076732
413.000000	-3.077174
414.000000	-3.077614
415.000000	-3.078052
416.000000	-3.078488
417.000000	-3.078922
418.000000	-3.079354
419.000000	-3.079784
420.000000	-3.080211
421.000000	-3.080637
422.000000	-3.081061
423.000000	-3.081482
424.000000	-3.081902
425.000000	-3.082319
426.000000	-3.082735
427.000000	-3.083148
428.000000	-3.083560
429.000000	-3.083969
430.000000	-3.084377
431.000000	-3.084783
432.000000	-3.085187
433.000000	-3.085589
434.000000	-3.085989
435.000000	-3.086387
436.000000	-3.086783
437.000000	-3.087178
438.000000	-3.087571
439.000000	-3.087961
440.000000	-3.088351
441.000000	-3.088738
442.000000	-3.089123
443.000000	-3.089507
444.000000	-3.089889
445.000000	-3.090269
446.000000	-3.090648
447.000000	-3.091025
448.000000	-3.091400
449.000000	-3.091773
450.000000	-3.092145
451.000000	-3.092515
452.000000	-3.092883
453.000000	-3.093250
454.000000	-3.093615
455.000000	-3.093978
456.000000	-3.094340
457.000000	-3.094700
458.000000	-3.095059
459.000000	-3.095416
460.000000	-3.095771
461.000000	-3.096125
462.000000	-3.096477
463.000000	-3.096828
464.000000	-3.097177
465.000000	-3.097525
466.000000	-3.097871
467.000000	-3.098216
468.000000	-3.098559
469.000000	-3.098900
470.000000	-3.099240
471.000000	-3.099579
472.000000	-3.099916
473.000000	-3.100252
474.000000	-3.100586
475.000000	-3.100919
476.000000	-3.101251
477.000000	-3.101581
478.000000	-3.101909
479.000000	-3.102236
480.000000	-3.102562
481.000000	-3.102887
482.000000	-3.103210
483.000000	-3.103531
484.000000	-3.103852
485.000000	-3.104170
486.000000	-3.104488
487.000000	-3.104804
488.000000	-3.105119
489.000000	-3.105433
490.000000	-3.105745
491.000000	-3.106056
492.000000	-3.106366
493.000000	-3.106675
494.000000	-3.106982
495.000000	-3.107288
496.000000	-3.107592
497.000000	-3.107896
498.000000	-3.108198
499.000000	-3.108499
500.000000	-3.108798
501.000000	-3.109097
