1.000000	-0.000000
2.000000	-0.112672
3.000000	-0.218331
4.000000	-0.317619
5.000000	-0.411096
6.000000	-0.499262
7.000000	-0.582559
8.000000	-0.661381
9.000000	-0.736080
10.000000	-0.806973
11.000000	-0.874344
12.000000	-0.938449
13.000000	-0.999522
14.000000	-1.057771
15.000000	-1.113389
16.000000	-1.166550
17.000000	-1.217414
18.000000	-1.266125
19.000000	-1.312818
20.000000	-1.357614
21.000000	-1.400628
22.000000	-1.441963
23.000000	-1.481714
24.000000	-1.519972
25.000000	-1.556818
26.000000	-1.592328
27.000000	-1.626574
28.000000	-1.659621
29.000000	-1.691532
30.000000	-1.722362
31.000000	-1.752166
32.000000	-1.780993
33.000000	-1.808891
34.000000	-1.835903
35.000000	-1.862070
36.000000	-1.887432
37.000000	-1.912023
38.000000	-1.935879
39.000000	-1.959031
40.000000	-1.981510
41.000000	-2.003345
42.000000	-2.024562
43.000000	-2.045186
44.000000	-2.065242
45.000000	-2.084754
46.000000	-2.103741
47.000000	-2.122225
48.000000	-2.140225
49.000000	-2.157760
50.000000	-2.174846
51.000000	-2.191502
52.000000	-2.207742
53.000000	-2.223581
54.000000	-2.239035
55.000000	-2.254116
56.000000	-2.268837
57.000000	-2.283211
58.000000	-2.297250
59.000000	-2.310966
60.000000	-2.324368
61.000000	-2.337468
62.000000	-2.350274
63.000000	-2.362798
64.000000	-2.375047
65.000000	-2.387030
66.000000	-2.398756
67.000000	-2.410232
68.000000	-2.421467
69.000000	-2.432468
70.000000	-2.443241
71.000000	-2.453793
72.000000	-2.464131
73.000000	-2.474262
74.000000	-2.484190
75.000000	-2.493923
76.000000	-2.503465
77.000000	-2.512822
78.000000	-2.521998
79.000000	-2.531000
80.000000	-2.539831
81.000000	-2.548497
82.000000	-2.557001
83.000000	-2.565349
84.000000	-2.573543
85.000000	-2.581589
86.000000	-2.589490
87.000000	-2.597249
88.000000	-2.604871
89.000000	-2.612358
90.000000	-2.619715
91.000000	-2.626944
92.000000	-2.634049
93.000000	-2.641032
94.000000	-2.647897
95.000000	-2.654646
96.000000	-2.661283
97.000000	-2.667809
98.000000	-2.674227
99.000000	-2.680541
100.000000	-2.686751
101.000000	-2.692862
102.000000	-2.698874
103.000000	-2.704791
104.000000	-2.710614
105.000000	-2.716345
106.000000	-2.721987
107.000000	-2.727541
108.000000	-2.733010
109.000000	-2.738394
110.000000	-2.743697
111.000000	-2.748920
112.000000	-2.754063
113.000000	-2.759130
114.000000	-2.764122
115.000000	-2.769040
116.000000	-2.773886
117.000000	-2.778661
118.000000	-2.783366
119.000000	-2.788004
120.000000	-2.792575
121.000000	-2.797081
122.000000	-2.801523
123.000000	-2.805903
124.000000	-2.810221
125.000000	-2.814478
126.000000	-2.818677
127.000000	-2.822818
128.000000	-2.826902
129.000000	-2.830930
130.000000	-2.834903
131.000000	-2.838823
132.000000	-2.842690
133.000000	-2.846505
134.000000	-2.850270
135.000000	-2.853985
136.000000	-2.857651
137.000000	-2.861268
138.000000	-2.864839
139.000000	-2.868364
140.000000	-2.871842
141.000000	-2.875277
142.000000	-2.878667
143.000000	-2.882014
144.000000	-2.885319
145.000000	-2.888582
146.000000	-2.891804
147.000000	-2.894986
148.000000	-2.898128
149.000000	-2.901232
150.000000	-2.904297
151.000000	-2.907325
152.000000	-2.910315
153.000000	-2.913270
154.000000	-2.916188
155.000000	-2.919072
156.000000	-2.921921
157.000000	-2.924735
158.000000	-2.927517
159.000000	-2.930265
160.000000	-2.932981
161.000000	-2.935665
162.000000	-2.938318
163.000000	-2.940939
164.000000	-2.943531
165.000000	-2.946092
166.000000	-2.948624
167.000000	-2.951127
168.000000	-2.953601
169.000000	-2.956047
170.000000	-2.958466
171.000000	-2.960857
172.000000	-2.963221
173.000000	-2.965559
174.000000	-2.967871
175.000000	-2.970157
176.000000	-2.972418
177.000000	-2.974653
178.000000	-2.976865
179.000000	-2.979052
180.000000	-2.981215
181.000000	-2.983354
182.000000	-2.985471
183.000000	-2.987565
184.000000	-2.989636
185.000000	-2.991685
186.000000	-2.993712
187.000000	-2.995717
188.000000	-2.997701
189.000000	-2.999664
190.000000	-3.001607
191.000000	-3.003529
192.000000	-3.005431
193.000000	-3.007313
194.000000	-3.009176
195.000000	-3.011019
196.000000	-3.012844
197.000000	-3.014649
198.000000	-3.016436
199.000000	-3.018205
200.000000	-3.019956
201.000000	-3.021689
202.000000	-3.023404
203.000000	-3.025102
204.000000	-3.026783
205.000000	-3.028447
206.000000	-3.030095
207.000000	-3.031726
208.000000	-3.033340
209.000000	-3.034939
210.000000	-3.036522
211.000000	-3.038090
212.000000	-3.039642
213.000000	-3.041178
214.000000	-3.042700
215.000000	-3.044207
216.000000	-3.045699
217.000000	-3.047177
218.000000	-3.048641
219.000000	-3.050090
220.000000	-3.051526
221.000000	-3.052948
222.000000	-3.054356
223.000000	-3.055751
224.000000	-3.057133
225.000000	-3.058501
226.000000	-3.059857
227.000000	-3.061200
228.000000	-3.062530
229.000000	-3.063848
230.000000	-3.065153
231.000000	-3.066447
232.000000	-3.067728
233.000000	-3.068997
234.000000	-3.070255
235.000000	-3.071501
236.000000	-3.072736
237.000000	-3.073959
238.000000	-3.075171
239.000000	-3.076372
240.000000	-3.077562
241.000000	-3.078742
242.000000	-3.079910
243.000000	-3.081068
244.000000	-3.082216
245.000000	-3.083353
246.000000	-3.084480
247.000000	-3.085597
248.000000	-3.086704
249.000000	-3.087801
250.000000	-3.088889
251.000000	-3.089967
252.000000	-3.091035
253.000000	-3.092094
254.000000	-3.093143
255.000000	-3.094183
256.000000	-3.095215
257.000000	-3.096237
258.000000	-3.097250
259.000000	-3.098254
260.000000	-3.099250
261.000000	-3.100237
262.000000	-3.101216
263.000000	-3.102186
264.000000	-3.103147
265.000000	-3.104101
266.000000	-3.105046
267.000000	-3.105983
268.000000	-3.106913
269.000000	-3.107834
270.000000	-3.108747
271.000000	-3.109653
272.000000	-3.110551
273.000000	-3.111442
274.000000	-3.112325
275.000000	-3.113200
276.000000	-3.114069
277.000000	-3.114929
278.000000	-3.115783
279.000000	-3.116630
280.000000	-3.117469
281.000000	-3.118302
282.000000	-3.119128
283.000000	-3.119947
284.000000	-3.120759
285.000000	-3.121564
286.000000	-3.122363
287.000000	-3.123155
288.000000	-3.123941
289.000000	-3.124720
290.000000	-3.125493
291.000000	-3.126260
292.000000	-3.127020
293.000000	-3.127775
294.000000	-3.128523
295.000000	-3.129265
296.000000	-3.130001
297.000000	-3.130731
298.000000	-3.131456
299.000000	-3.132174
300.000000	-3.132887
301.000000	-3.133594
302.000000	-3.134295
303.000000	-3.134991
304.000000	-3.135682
305.000000	-3.136366
306.000000	-3.137046
307.000000	-3.137720
308.000000	-3.138389
309.000000	-3.139052
310.000000	-3.139710
311.000000	-3.140363
312.000000	-3.141011
313.000000	-3.141654
314.000000	-3.142292
315.000000	-3.142925
316.000000	-3.143553
317.000000	-3.144176
318.000000	-3.144794
319.000000	-3.145408
320.000000	-3.146016
321.000000	-3.146621
322.000000	-3.147220
323.000000	-3.147815
324.000000	-3.148405
325.000000	-3.148991
326.000000	-3.149572
327.000000	-3.150148
328.000000	-3.150721
329.000000	-3.151289
330.000000	-3.151852
331.000000	-3.152412
332.000000	-3.152967
333.000000	-3.153518
334.000000	-3.154065
335.000000	-3.154607
336.000000	-3.155146
337.000000	-3.155681
338.000000	-3.156211
339.000000	-3.156738
340.000000	-3.157260
341.000000	-3.157779
342.000000	-3.158294
343.000000	-3.158805
344.000000	-3.159312
345.000000	-3.159815
346.000000	-3.160315
347.000000	-3.160811
348.000000	-3.161303
349.000000	-3.161792
350.000000	-3.162277
351.000000	-3.162759
352.000000	-3.163237
353.000000	-3.163711
354.000000	-3.164182
355.000000	-3.164650
356.000000	-3.165114
357.000000	-3.165575
358.000000	-3.166032
359.000000	-3.166486
360.000000	-3.166937
361.000000	-3.167385
362.000000	-3.167829
363.000000	-3.168270
364.000000	-3.168708
365.000000	-3.169143
366.000000	-3.169574
367.000000	-3.170003
368.000000	-3.170428
369.000000	-3.170851
370.000000	-3.171270
371.000000	-3.171686
372.000000	-3.172100
373.000000	-3.172510
374.000000	-3.172918
375.000000	-3.173322
376.000000	-3.173724
377.000000	-3.174123
378.000000	-3.174519
379.000000	-3.174913
380.000000	-3.175303
381.000000	-3.175691
382.000000	-3.176076
383.000000	-3.176458
384.000000	-3.176838
385.000000	-3.177215
386.000000	-3.177589
387.000000	-3.177961
388.000000	-3.178330
389.000000	-3.178697
390.000000	-3.179061
391.000000	-3.179422
392.000000	-3.179781
393.000000	-3.180138
394.000000	-3.180492
395.000000	-3.180843
396.000000	-3.181193
397.000000	-3.181539
398.000000	-3.181884
399.000000	-3.182226
400.000000	-3.182565
401.000000	-3.182903
402.000000	-3.183238
403.000000	-3.183570
404.000000	-3.183901
405.000000	-3.184229
406.000000	-3.184555
407.000000	-3.184879
408.000000	-3.185200
409.000000	-3.185520
410.000000	-3.185837
411.000000	-3.186152
412.000000	-3.186465
413.000000	-3.186776
414.000000	-3.187084
415.000000	-3.187391
416.000000	-3.187696
417.000000	-3.187998
418.000000	-3.188299
419.000000	-3.188597
420.000000	-3.188894
421.000000	-3.189188
422.000000	-3.189481
423.000000	-3.189771
424.000000	-3.190060
425.000000	-3.190347
426.000000	-3.190632
427.000000	-3.190915
428.000000	-3.191196
429.000000	-3.191475
430.000000	-3.191752
431.000000	-3.192028
432.000000	-3.192302
433.000000	-3.192574
434.000000	-3.192844
435.000000	-3.193112
436.000000	-3.193379
437.000000	-3.193644
438.000000	-3.193907
439.000000	-3.194168
440.000000	-3.194428
441.000000	-3.194686
442.000000	-3.194942
443.000000	-3.195197
444.000000	-3.195450
445.000000	-3.195701
446.000000	-3.195951
447.000000	-3.196199
448.000000	-3.196446
449.000000	-3.196691
450.000000	-3.196934
451.000000	-3.197176
452.000000	-3.197416
453.000000	-3.197655
454.000000	-3.197892
455.000000	-3.198128
456.000000	-3.198362
457.000000	-3.198595
458.000000	-3.198826
459.000000	-3.199055
460.000000	-3.199284
461.000000	-3.199510
462.000000	-3.199736
463.000000	-3.199960
464.000000	-3.200182
465.000000	-3.200403
466.000000	-3.200623
467.000000	-3.200841
468.000000	-3.201058
469.000000	-3.201274
470.000000	-3.201488
471.000000	-3.201701
472.000000	-3.201913
473.000000	-3.202123
474.000000	-3.202332
475.000000	-3.202539
476.000000	-3.202746
477.000000	-3.202951
478.000000	-3.203155
479.000000	-3.203357
480.000000	-3.203558
481.000000	-3.203758
482.000000	-3.203957
483.000000	-3.204154
484.000000	-3.204351
485.000000	-3.204546
486.000000	-3.204740
487.000000	-3.204932
488.000000	-3.205124
489.000000	-3.205314
490.000000	-3.205503
491.000000	-3.205691
492.000000	-3.205878
493.000000	-3.206064
494.000000	-3.206249
495.000000	-3.206432
496.000000	-3.206614
497.000000	-3.206796
498.000000	-3.206976
499.000000	-3.207155
500.000000	-3.207333
501.000000	-3.207510
