1.000000	-0.000000
2.000000	-0.112337
3.000000	-0.217765
4.000000	-0.316906
5.000000	-0.410310
6.000000	-0.498463
7.000000	-0.581798
8.000000	-0.660700
9.000000	-0.735515
10.000000	-0.806554
11.000000	-0.874096
12.000000	-0.938393
13.000000	-0.999675
14.000000	-1.058147
15.000000	-1.114000
16.000000	-1.167406
17.000000	-1.218521
18.000000	-1.267490
19.000000	-1.314444
20.000000	-1.359506
21.000000	-1.402786
22.000000	-1.444389
23.000000	-1.484410
24.000000	-1.522936
25.000000	-1.560050
26.000000	-1.595827
27.000000	-1.630337
28.000000	-1.663647
29.000000	-1.695818
30.000000	-1.726906
31.000000	-1.756964
32.000000	-1.786044
33.000000	-1.814190
34.000000	-1.841448
35.000000	-1.867858
36.000000	-1.893458
37.000000	-1.918285
38.000000	-1.942372
39.000000	-1.965753
40.000000	-1.988456
41.000000	-2.010512
42.000000	-2.031946
43.000000	-2.052784
44.000000	-2.073051
45.000000	-2.092769
46.000000	-2.111959
47.000000	-2.130643
48.000000	-2.148839
49.000000	-2.166567
50.000000	-2.183843
51.000000	-2.200685
52.000000	-2.217108
53.000000	-2.233127
54.000000	-2.248757
55.000000	-2.264011
56.000000	-2.278902
57.000000	-2.293444
58.000000	-2.307647
59.000000	-2.321524
60.000000	-2.335084
61.000000	-2.348339
62.000000	-2.361298
63.000000	-2.373972
64.000000	-2.386368
65.000000	-2.398495
66.000000	-2.410363
67.000000	-2.421979
68.000000	-2.433351
69.000000	-2.444486
70.000000	-2.455390
71.000000	-2.466072
72.000000	-2.476538
73.000000	-2.486793
74.000000	-2.496844
75.000000	-2.506697
76.000000	-2.516358
77.000000	-2.525830
78.000000	-2.535121
79.000000	-2.544235
80.000000	-2.553176
81.000000	-2.561949
82.000000	-2.570560
83.000000	-2.579011
84.000000	-2.587308
85.000000	-2.595454
86.000000	-2.603453
87.000000	-2.611309
88.000000	-2.619026
89.000000	-2.626607
90.000000	-2.634055
91.000000	-2.641374
92.000000	-2.648567
93.000000	-2.655637
94.000000	-2.662587
95.000000	-2.669420
96.000000	-2.676139
97.000000	-2.682745
98.000000	-2.689243
99.000000	-2.695634
100.000000	-2.701921
101.000000	-2.708107
102.000000	-2.714193
103.000000	-2.720181
104.000000	-2.726075
105.000000	-2.731876
106.000000	-2.737586
107.000000	-2.743208
108.000000	-2.748742
109.000000	-2.754191
110.000000	-2.759558
111.000000	-2.764842
112.000000	-2.770047
113.000000	-2.775174
114.000000	-2.780225
115.000000	-2.785201
116.000000	-2.790103
117.000000	-2.794934
118.000000	-2.799694
119.000000	-2.804385
120.000000	-2.809009
121.000000	-2.813567
122.000000	-2.818059
123.000000	-2.822489
124.000000	-2.826855
125.000000	-2.831161
126.000000	-2.835406
127.000000	-2.839593
128.000000	-2.843722
129.000000	-2.847795
130.000000	-2.851811
131.000000	-2.855774
132.000000	-2.859682
133.000000	-2.863539
134.000000	-2.867343
135.000000	-2.871098
136.000000	-2.874802
137.000000	-2.878457
138.000000	-2.882065
139.000000	-2.885626
140.000000	-2.889140
141.000000	-2.892609
142.000000	-2.896033
143.000000	-2.899414
144.000000	-2.902751
145.000000	-2.906046
146.000000	-2.909300
147.000000	-2.912512
148.000000	-2.915685
149.000000	-2.918817
150.000000	-2.921911
151.000000	-2.924967
152.000000	-2.927985
153.000000	-2.930966
154.000000	-2.933911
155.000000	-2.936820
156.000000	-2.939694
157.000000	-2.942533
158.000000	-2.945338
159.000000	-2.948110
160.000000	-2.950849
161.000000	-2.953555
162.000000	-2.956229
163.000000	-2.958872
164.000000	-2.961484
165.000000	-2.964066
166.000000	-2.966617
167.000000	-2.969139
168.000000	-2.971632
169.000000	-2.974097
170.000000	-2.976533
171.000000	-2.978941
172.000000	-2.981322
173.000000	-2.983676
174.000000	-2.986004
175.000000	-2.988305
176.000000	-2.990581
177.000000	-2.992831
178.000000	-2.995056
179.000000	-2.997257
180.000000	-2.999433
181.000000	-3.001586
182.000000	-3.003715
183.000000	-3.005820
184.000000	-3.007903
185.000000	-3.009963
186.000000	-3.012001
187.000000	-3.014017
188.000000	-3.016011
189.000000	-3.017984
190.000000	-3.019935
191.000000	-3.021867
192.000000	-3.023777
193.000000	-3.025668
194.000000	-3.027538
195.000000	-3.029389
196.000000	-3.031220
197.000000	-3.033033
198.000000	-3.034826
199.000000	-3.036601
200.000000	-3.038358
201.000000	-3.040096
202.000000	-3.041817
203.000000	-3.043520
204.000000	-3.045205
205.000000	-3.046873
206.000000	-3.048525
207.000000	-3.050160
208.000000	-3.051778
209.000000	-3.053380
210.000000	-3.054965
211.000000	-3.056535
212.000000	-3.058090
213.000000	-3.059628
214.000000	-3.061152
215.000000	-3.062660
216.000000	-3.064154
217.000000	-3.065633
218.000000	-3.067097
219.000000	-3.068547
220.000000	-3.069982
221.000000	-3.071404
222.000000	-3.072812
223.000000	-3.074206
224.000000	-3.075587
225.000000	-3.076955
226.000000	-3.078309
227.000000	-3.079650
228.000000	-3.080979
229.000000	-3.082294
230.000000	-3.083598
231.000000	-3.084889
232.000000	-3.086167
233.000000	-3.087434
234.000000	-3.088688
235.000000	-3.089931
236.000000	-3.091162
237.000000	-3.092382
238.000000	-3.093590
239.000000	-3.094787
240.000000	-3.095973
241.000000	-3.097147
242.000000	-3.098311
243.000000	-3.099464
244.000000	-3.100607
245.000000	-3.101739
246.000000	-3.102860
247.000000	-3.103972
248.000000	-3.105073
249.000000	-3.106164
250.000000	-3.107245
251.000000	-3.108317
252.000000	-3.109378
253.000000	-3.110431
254.000000	-3.111473
255.000000	-3.112506
256.000000	-3.113530
257.000000	-3.114545
258.000000	-3.115551
259.000000	-3.116548
260.000000	-3.117535
261.000000	-3.118514
262.000000	-3.119485
263.000000	-3.120447
264.000000	-3.121400
265.000000	-3.122345
266.000000	-3.123281
267.000000	-3.124210
268.000000	-3.125130
269.000000	-3.126042
270.000000	-3.126946
271.000000	-3.127843
272.000000	-3.128731
273.000000	-3.129612
274.000000	-3.130485
275.000000	-3.131351
276.000000	-3.132209
277.000000	-3.133059
278.000000	-3.133903
279.000000	-3.134739
280.000000	-3.135568
281.000000	-3.136390
282.000000	-3.137205
283.000000	-3.138013
284.000000	-3.138814
285.000000	-3.139608
286.000000	-3.140395
287.000000	-3.141176
288.000000	-3.141951
289.000000	-3.142718
290.000000	-3.143479
291.000000	-3.144234
292.000000	-3.144983
293.000000	-3.145725
294.000000	-3.146461
295.000000	-3.147191
296.000000	-3.147915
297.000000	-3.148632
298.000000	-3.149344
299.000000	-3.150050
300.000000	-3.150750
301.000000	-3.151444
302.000000	-3.152133
303.000000	-3.152816
304.000000	-3.153493
305.000000	-3.154165
306.000000	-3.154831
307.000000	-3.155491
308.000000	-3.156147
309.000000	-3.156796
310.000000	-3.157441
311.000000	-3.158080
312.000000	-3.158715
313.000000	-3.159344
314.000000	-3.159967
315.000000	-3.160586
316.000000	-3.161200
317.000000	-3.161809
318.000000	-3.162413
319.000000	-3.163012
320.000000	-3.163606
321.000000	-3.164196
322.000000	-3.164781
323.000000	-3.165361
324.000000	-3.165936
325.000000	-3.166507
326.000000	-3.167074
327.000000	-3.167635
328.000000	-3.168193
329.000000	-3.168746
330.000000	-3.169294
331.000000	-3.169839
332.000000	-3.170378
333.000000	-3.170914
334.000000	-3.171446
335.000000	-3.171973
336.000000	-3.172496
337.000000	-3.173015
338.000000	-3.173530
339.000000	-3.174041
340.000000	-3.174548
341.000000	-3.175051
342.000000	-3.175550
343.000000	-3.176045
344.000000	-3.176536
345.000000	-3.177023
346.000000	-3.177507
347.000000	-3.177987
348.000000	-3.178463
349.000000	-3.178936
350.000000	-3.179405
351.000000	-3.179870
352.000000	-3.180332
353.000000	-3.180790
354.000000	-3.181244
355.000000	-3.181695
356.000000	-3.182143
357.000000	-3.182587
358.000000	-3.183028
359.000000	-3.183466
360.000000	-3.183900
361.000000	-3.184330
362.000000	-3.184758
363.000000	-3.185182
364.000000	-3.185603
365.000000	-3.186021
366.000000	-3.186436
367.000000	-3.186847
368.000000	-3.187256
369.000000	-3.187661
370.000000	-3.188064
371.000000	-3.188463
372.000000	-3.188859
373.000000	-3.189252
374.000000	-3.189643
375.000000	-3.190030
376.000000	-3.190415
377.000000	-3.190796
378.000000	-3.191175
379.000000	-3.191551
380.000000	-3.191924
381.000000	-3.192295
382.000000	-3.192662
383.000000	-3.193027
384.000000	-3.193389
385.000000	-3.193749
386.000000	-3.194105
387.000000	-3.194460
388.000000	-3.194811
389.000000	-3.195160
390.000000	-3.195506
391.000000	-3.195850
392.000000	-3.196192
393.000000	-3.196530
394.000000	-3.196867
395.000000	-3.197200
396.000000	-3.197532
397.000000	-3.197861
398.000000	-3.198187
399.000000	-3.198511
400.000000	-3.198833
401.000000	-3.199153
402.000000	-3.199470
403.000000	-3.199785
404.000000	-3.200097
405.000000	-3.200407
406.000000	-3.200715
407.000000	-3.201021
408.000000	-3.201325
409.000000	-3.201626
410.000000	-3.201925
411.000000	-3.202222
412.000000	-3.202517
413.000000	-3.202810
414.000000	-3.203100
415.000000	-3.203389
416.000000	-3.203675
417.000000	-3.203959
418.000000	-3.204242
419.000000	-3.204522
420.000000	-3.204800
421.000000	-3.205077
422.000000	-3.205351
423.000000	-3.205623
424.000000	-3.205894
425.000000	-3.206162
426.000000	-3.206429
427.000000	-3.206694
428.000000	-3.206956
429.000000	-3.207217
430.000000	-3.207476
431.000000	-3.207734
432.000000	-3.207989
433.000000	-3.208243
434.000000	-3.208495
435.000000	-3.208745
436.000000	-3.208993
437.000000	-3.209239
438.000000	-3.209484
439.000000	-3.209727
440.000000	-3.209969
441.000000	-3.210208
442.000000	-3.210446
443.000000	-3.210683
444.000000	-3.210917
445.000000	-3.211150
446.000000	-3.211382
447.000000	-3.211611
448.000000	-3.211840
449.000000	-3.212066
450.000000	-3.212291
451.000000	-3.212514
452.000000	-3.212736
453.000000	-3.212957
454.000000	-3.213175
455.000000	-3.213393
456.000000	-3.213608
457.000000	-3.213823
458.000000	-3.214035
459.000000	-3.214247
460.000000	-3.214457
461.000000	-3.214665
462.000000	-3.214872
463.000000	-3.215078
464.000000	-3.215282
465.000000	-3.215484
466.000000	-3.215686
467.000000	-3.215886
468.000000	-3.216084
469.000000	-3.216281
470.000000	-3.216477
471.000000	-3.216672
472.000000	-3.216865
473.000000	-3.217057
474.000000	-3.217247
475.000000	-3.217436
476.000000	-3.217624
477.000000	-3.217811
478.000000	-3.217996
479.000000	-3.218181
480.000000	-3.218363
481.000000	-3.218545
482.000000	-3.218725
483.000000	-3.218905
484.000000	-3.219083
485.000000	-3.219259
486.000000	-3.219435
487.000000	-3.219609
488.000000	-3.219783
489.000000	-3.219955
490.000000	-3.220125
491.000000	-3.220295
492.000000	-3.220464
493.000000	-3.220631
494.000000	-3.220797
495.000000	-3.220963
496.000000	-3.221127
497.000000	-3.221290
498.000000	-3.221452
499.000000	-3.221612
500.000000	-3.221772
501.000000	-3.221931
