1.000000	-0.000000
2.000000	-0.126632
3.000000	-0.245353
4.000000	-0.356889
5.000000	-0.461875
6.000000	-0.560875
7.000000	-0.654390
8.000000	-0.742864
9.000000	-0.826696
10.000000	-0.906244
11.000000	-0.981828
12.000000	-1.053738
13.000000	-1.122237
14.000000	-1.187560
15.000000	-1.249925
16.000000	-1.309529
17.000000	-1.366549
18.000000	-1.421151
19.000000	-1.473485
20.000000	-1.523689
21.000000	-1.571891
22.000000	-1.618207
23.000000	-1.662746
24.000000	-1.705607
25.000000	-1.746884
26.000000	-1.786662
27.000000	-1.825021
28.000000	-1.862035
29.000000	-1.897773
30.000000	-1.932300
31.000000	-1.965676
32.000000	-1.997957
33.000000	-2.029195
34.000000	-2.059440
35.000000	-2.088738
36.000000	-2.117132
37.000000	-2.144664
38.000000	-2.171371
39.000000	-2.197290
40.000000	-2.222454
41.000000	-2.246896
42.000000	-2.270645
43.000000	-2.293731
44.000000	-2.316181
45.000000	-2.338020
46.000000	-2.359272
47.000000	-2.379961
48.000000	-2.400108
49.000000	-2.419733
50.000000	-2.438857
51.000000	-2.457498
52.000000	-2.475674
53.000000	-2.493401
54.000000	-2.510697
55.000000	-2.527575
56.000000	-2.544051
57.000000	-2.560138
58.000000	-2.575851
59.000000	-2.591201
60.000000	-2.606200
61.000000	-2.620861
62.000000	-2.635194
63.000000	-2.649210
64.000000	-2.662920
65.000000	-2.676332
66.000000	-2.689456
67.000000	-2.702301
68.000000	-2.714875
69.000000	-2.727188
70.000000	-2.739246
71.000000	-2.751057
72.000000	-2.762629
73.000000	-2.773969
74.000000	-2.785082
75.000000	-2.795977
76.000000	-2.806658
77.000000	-2.817132
78.000000	-2.827405
79.000000	-2.837483
80.000000	-2.847369
81.000000	-2.857071
82.000000	-2.866592
83.000000	-2.875938
84.000000	-2.885112
85.000000	-2.894121
86.000000	-2.902967
87.000000	-2.911656
88.000000	-2.920190
89.000000	-2.928575
90.000000	-2.936813
91.000000	-2.944909
92.000000	-2.952865
93.000000	-2.960686
94.000000	-2.968375
95.000000	-2.975934
96.000000	-2.983367
97.000000	-2.990677
98.000000	-2.997867
99.000000	-3.004939
100.000000	-3.011897
101.000000	-3.018742
102.000000	-3.025478
103.000000	-3.032107
104.000000	-3.038631
105.000000	-3.045053
106.000000	-3.051375
107.000000	-3.057599
108.000000	-3.063727
109.000000	-3.069762
110.000000	-3.075705
111.000000	-3.081558
112.000000	-3.087323
113.000000	-3.093003
114.000000	-3.098598
115.000000	-3.104111
116.000000	-3.109544
117.000000	-3.114897
118.000000	-3.120173
119.000000	-3.125373
120.000000	-3.130499
121.000000	-3.135551
122.000000	-3.140533
123.000000	-3.145444
124.000000	-3.150287
125.000000	-3.155063
126.000000	-3.159772
127.000000	-3.164417
128.000000	-3.168999
129.000000	-3.173518
130.000000	-3.177976
131.000000	-3.182374
132.000000	-3.186713
133.000000	-3.190994
134.000000	-3.195219
135.000000	-3.199388
136.000000	-3.203503
137.000000	-3.207564
138.000000	-3.211572
139.000000	-3.215528
140.000000	-3.219434
141.000000	-3.223289
142.000000	-3.227096
143.000000	-3.230854
144.000000	-3.234566
145.000000	-3.238230
146.000000	-3.241849
147.000000	-3.245423
148.000000	-3.248953
149.000000	-3.252439
150.000000	-3.255883
151.000000	-3.259284
152.000000	-3.262644
153.000000	-3.265964
154.000000	-3.269244
155.000000	-3.272485
156.000000	-3.275686
157.000000	-3.278850
158.000000	-3.281977
159.000000	-3.285066
160.000000	-3.288120
161.000000	-3.291138
162.000000	-3.294120
163.000000	-3.297069
164.000000	-3.299983
165.000000	-3.302864
166.000000	-3.305712
167.000000	-3.308527
168.000000	-3.311311
169.000000	-3.314063
170.000000	-3.316784
171.000000	-3.319475
172.000000	-3.322135
173.000000	-3.324766
174.000000	-3.327368
175.000000	-3.329942
176.000000	-3.332487
177.000000	-3.335004
178.000000	-3.337494
179.000000	-3.339956
180.000000	-3.342392
181.000000	-3.344802
182.000000	-3.347186
183.000000	-3.349544
184.000000	-3.351877
185.000000	-3.354185
186.000000	-3.356469
187.000000	-3.358729
188.000000	-3.360965
189.000000	-3.363178
190.000000	-3.365367
191.000000	-3.367534
192.000000	-3.369678
193.000000	-3.371801
194.000000	-3.373901
195.000000	-3.375980
196.000000	-3.378037
197.000000	-3.380073
198.000000	-3.382089
199.000000	-3.384085
200.000000	-3.386060
201.000000	-3.388015
202.000000	-3.389951
203.000000	-3.391867
204.000000	-3.393764
205.000000	-3.395643
206.000000	-3.397503
207.000000	-3.399344
208.000000	-3.401168
209.000000	-3.402973
210.000000	-3.404761
211.000000	-3.406531
212.000000	-3.408284
213.000000	-3.410020
214.000000	-3.411740
215.000000	-3.413443
216.000000	-3.415129
217.000000	-3.416799
218.000000	-3.418454
219.000000	-3.420092
220.000000	-3.421715
221.000000	-3.423323
222.000000	-3.424916
223.000000	-3.426493
224.000000	-3.428056
225.000000	-3.429604
226.000000	-3.431138
227.000000	-3.432657
228.000000	-3.434162
229.000000	-3.435654
230.000000	-3.437131
231.000000	-3.438595
232.000000	-3.440046
233.000000	-3.441483
234.000000	-3.442907
235.000000	-3.444319
236.000000	-3.445717
237.000000	-3.447103
238.000000	-3.448476
239.000000	-3.449837
240.000000	-3.451185
241.000000	-3.452522
242.000000	-3.453846
243.000000	-3.455159
244.000000	-3.456460
245.000000	-3.457750
246.000000	-3.459028
247.000000	-3.460295
248.000000	-3.461550
249.000000	-3.462795
250.000000	-3.464029
251.000000	-3.465252
252.000000	-3.466464
253.000000	-3.467666
254.000000	-3.468857
255.000000	-3.470038
256.000000	-3.471209
257.000000	-3.472369
258.000000	-3.473520
259.000000	-3.474661
260.000000	-3.475792
261.000000	-3.476914
262.000000	-3.478025
263.000000	-3.479128
264.000000	-3.480221
265.000000	-3.481305
266.000000	-3.482380
267.000000	-3.483445
268.000000	-3.484502
269.000000	-3.485550
270.000000	-3.486589
271.000000	-3.487620
272.000000	-3.488641
273.000000	-3.489655
274.000000	-3.490660
275.000000	-3.491656
276.000000	-3.492645
277.000000	-3.493625
278.000000	-3.494597
279.000000	-3.495562
280.000000	-3.496518
281.000000	-3.497467
282.000000	-3.498408
283.000000	-3.499341
284.000000	-3.500266
285.000000	-3.501184
286.000000	-3.502095
287.000000	-3.502999
288.000000	-3.503895
289.000000	-3.504784
290.000000	-3.505665
291.000000	-3.506540
292.000000	-3.507408
293.000000	-3.508269
294.000000	-3.509123
295.000000	-3.509970
296.000000	-3.510811
297.000000	-3.511644
298.000000	-3.512472
299.000000	-3.513292
300.000000	-3.514107
301.000000	-3.514915
302.000000	-3.515716
303.000000	-3.516512
304.000000	-3.517301
305.000000	-3.518084
306.000000	-3.518861
307.000000	-3.519632
308.000000	-3.520397
309.000000	-3.521156
310.000000	-3.521909
311.000000	-3.522657
312.000000	-3.523398
313.000000	-3.524134
314.000000	-3.524865
315.000000	-3.525590
316.000000	-3.526309
317.000000	-3.527023
318.000000	-3.527731
319.000000	-3.528434
320.000000	-3.529132
321.000000	-3.529824
322.000000	-3.530511
323.000000	-3.531193
324.000000	-3.531870
325.000000	-3.532542
326.000000	-3.533209
327.000000	-3.533871
328.000000	-3.534528
329.000000	-3.535180
330.000000	-3.535827
331.000000	-3.536469
332.000000	-3.537107
333.000000	-3.537740
334.000000	-3.538368
335.000000	-3.538992
336.000000	-3.539611
337.000000	-3.540225
338.000000	-3.540835
339.000000	-3.541440
340.000000	-3.542042
341.000000	-3.542638
342.000000	-3.543231
343.000000	-3.543819
344.000000	-3.544402
345.000000	-3.544982
346.000000	-3.545557
347.000000	-3.546128
348.000000	-3.546696
349.000000	-3.547259
350.000000	-3.547818
351.000000	-3.548372
352.000000	-3.548923
353.000000	-3.549470
354.000000	-3.550014
355.000000	-3.550553
356.000000	-3.551088
357.000000	-3.551620
358.000000	-3.552148
359.000000	-3.552672
360.000000	-3.553192
361.000000	-3.553709
362.000000	-3.554222
363.000000	-3.554732
364.000000	-3.555237
365.000000	-3.555740
366.000000	-3.556239
367.000000	-3.556734
368.000000	-3.557226
369.000000	-3.557714
370.000000	-3.558199
371.000000	-3.558681
372.000000	-3.559159
373.000000	-3.559635
374.000000	-3.560106
375.000000	-3.560575
376.000000	-3.561040
377.000000	-3.561502
378.000000	-3.561961
379.000000	-3.562417
380.000000	-3.562869
381.000000	-3.563319
382.000000	-3.563765
383.000000	-3.564209
384.000000	-3.564649
385.000000	-3.565087
386.000000	-3.565521
387.000000	-3.565953
388.000000	-3.566381
389.000000	-3.566807
390.000000	-3.567230
391.000000	-3.567649
392.000000	-3.568067
393.000000	-3.568481
394.000000	-3.568892
395.000000	-3.569301
396.000000	-3.569707
397.000000	-3.570111
398.000000	-3.570511
399.000000	-3.570909
400.000000	-3.571305
401.000000	-3.571697
402.000000	-3.572087
403.000000	-3.572475
404.000000	-3.572860
405.000000	-3.573242
406.000000	-3.573622
407.000000	-3.574000
408.000000	-3.574375
409.000000	-3.574747
410.000000	-3.575117
411.000000	-3.575485
412.000000	-3.575850
413.000000	-3.576213
414.000000	-3.576573
415.000000	-3.576931
416.000000	-3.577287
417.000000	-3.577640
418.000000	-3.577992
419.000000	-3.578341
420.000000	-3.578687
421.000000	-3.579032
422.000000	-3.579374
423.000000	-3.579714
424.000000	-3.580052
425.000000	-3.580387
426.000000	-3.580721
427.000000	-3.581052
428.000000	-3.581381
429.000000	-3.581709
430.000000	-3.582034
431.000000	-3.582357
432.000000	-3.582678
433.000000	-3.582997
434.000000	-3.583314
435.000000	-3.583628
436.000000	-3.583941
437.000000	-3.584252
438.000000	-3.584561
439.000000	-3.584868
440.000000	-3.585173
441.000000	-3.585477
442.000000	-3.585778
443.000000	-3.586077
444.000000	-3.586375
445.000000	-3.586671
446.000000	-3.586964
447.000000	-3.587257
448.000000	-3.587547
449.000000	-3.587835
450.000000	-3.588122
451.000000	-3.588407
452.000000	-3.588690
453.000000	-3.588971
454.000000	-3.589251
455.000000	-3.589529
456.000000	-3.589805
457.000000	-3.590079
458.000000	-3.590352
459.000000	-3.590623
460.000000	-3.590893
461.000000	-3.591161
462.000000	-3.591427
463.000000	-3.591692
464.000000	-3.591955
465.000000	-3.592216
466.000000	-3.592476
467.000000	-3.592734
468.000000	-3.592991
469.000000	-3.593246
470.000000	-3.593500
471.000000	-3.593752
472.000000	-3.594002
473.000000	-3.594251
474.000000	-3.594499
475.000000	-3.594745
476.000000	-3.594990
477.000000	-3.595233
478.000000	-3.595475
479.000000	-3.595715
480.000000	-3.595954
481.000000	-3.596191
482.000000	-3.596427
483.000000	-3.596662
484.000000	-3.596895
485.000000	-3.597127
486.000000	-3.597358
487.000000	-3.597587
488.000000	-3.597815
489.000000	-3.598041
490.000000	-3.598267
491.000000	-3.598490
492.000000	-3.598713
493.000000	-3.598934
494.000000	-3.599154
495.000000	-3.599373
496.000000	-3.599590
497.000000	-3.599807
498.000000	-3.600021
499.000000	-3.600235
500.000000	-3.600448
501.000000	-3.600659
