1.000000	-0.000000
2.000000	-0.126561
3.000000	-0.245215
4.000000	-0.356688
5.000000	-0.461615
6.000000	-0.560559
7.000000	-0.654021
8.000000	-0.742445
9.000000	-0.826230
10.000000	-0.905733
11.000000	-0.981274
12.000000	-1.053144
13.000000	-1.121603
14.000000	-1.186890
15.000000	-1.249220
16.000000	-1.308789
17.000000	-1.365778
18.000000	-1.420349
19.000000	-1.472653
20.000000	-1.522829
21.000000	-1.571004
22.000000	-1.617294
23.000000	-1.661808
24.000000	-1.704645
25.000000	-1.745899
26.000000	-1.785655
27.000000	-1.823992
28.000000	-1.860986
29.000000	-1.896704
30.000000	-1.931212
31.000000	-1.964569
32.000000	-1.996831
33.000000	-2.028052
34.000000	-2.058280
35.000000	-2.087562
36.000000	-2.115941
37.000000	-2.143457
38.000000	-2.170150
39.000000	-2.196054
40.000000	-2.221204
41.000000	-2.245632
42.000000	-2.269369
43.000000	-2.292443
44.000000	-2.314880
45.000000	-2.336707
46.000000	-2.357948
47.000000	-2.378625
48.000000	-2.398761
49.000000	-2.418375
50.000000	-2.437489
51.000000	-2.456120
52.000000	-2.474286
53.000000	-2.492004
54.000000	-2.509289
55.000000	-2.526159
56.000000	-2.542626
57.000000	-2.558704
58.000000	-2.574408
59.000000	-2.589750
60.000000	-2.604742
61.000000	-2.619395
62.000000	-2.633720
63.000000	-2.647729
64.000000	-2.661430
65.000000	-2.674835
66.000000	-2.687952
67.000000	-2.700790
68.000000	-2.713358
69.000000	-2.725664
70.000000	-2.737716
71.000000	-2.749521
72.000000	-2.761087
73.000000	-2.772420
74.000000	-2.783528
75.000000	-2.794417
76.000000	-2.805093
77.000000	-2.815562
78.000000	-2.825829
79.000000	-2.835901
80.000000	-2.845782
81.000000	-2.855479
82.000000	-2.864995
83.000000	-2.874336
84.000000	-2.883506
85.000000	-2.892510
86.000000	-2.901352
87.000000	-2.910035
88.000000	-2.918566
89.000000	-2.926946
90.000000	-2.935180
91.000000	-2.943271
92.000000	-2.951224
93.000000	-2.959041
94.000000	-2.966725
95.000000	-2.974281
96.000000	-2.981710
97.000000	-2.989016
98.000000	-2.996202
99.000000	-3.003271
100.000000	-3.010225
101.000000	-3.017067
102.000000	-3.023799
103.000000	-3.030425
104.000000	-3.036946
105.000000	-3.043364
106.000000	-3.049683
107.000000	-3.055904
108.000000	-3.062029
109.000000	-3.068061
110.000000	-3.074000
111.000000	-3.079851
112.000000	-3.085613
113.000000	-3.091290
114.000000	-3.096883
115.000000	-3.102393
116.000000	-3.107823
117.000000	-3.113173
118.000000	-3.118447
119.000000	-3.123644
120.000000	-3.128767
121.000000	-3.133818
122.000000	-3.138797
123.000000	-3.143706
124.000000	-3.148546
125.000000	-3.153319
126.000000	-3.158027
127.000000	-3.162669
128.000000	-3.167248
129.000000	-3.171765
130.000000	-3.176221
131.000000	-3.180617
132.000000	-3.184954
133.000000	-3.189233
134.000000	-3.193456
135.000000	-3.197623
136.000000	-3.201736
137.000000	-3.205795
138.000000	-3.209801
139.000000	-3.213755
140.000000	-3.217659
141.000000	-3.221513
142.000000	-3.225318
143.000000	-3.229074
144.000000	-3.232784
145.000000	-3.236447
146.000000	-3.240064
147.000000	-3.243636
148.000000	-3.247164
149.000000	-3.250649
150.000000	-3.254091
151.000000	-3.257491
152.000000	-3.260849
153.000000	-3.264167
154.000000	-3.267446
155.000000	-3.270685
156.000000	-3.273885
157.000000	-3.277048
158.000000	-3.280173
159.000000	-3.283261
160.000000	-3.286313
161.000000	-3.289329
162.000000	-3.292311
163.000000	-3.295257
164.000000	-3.298170
165.000000	-3.301050
166.000000	-3.303897
167.000000	-3.306711
168.000000	-3.309493
169.000000	-3.312244
170.000000	-3.314964
171.000000	-3.317653
172.000000	-3.320313
173.000000	-3.322943
174.000000	-3.325543
175.000000	-3.328116
176.000000	-3.330659
177.000000	-3.333175
178.000000	-3.335664
179.000000	-3.338125
180.000000	-3.340560
181.000000	-3.342969
182.000000	-3.345352
183.000000	-3.347709
184.000000	-3.350041
185.000000	-3.352348
186.000000	-3.354631
187.000000	-3.356890
188.000000	-3.359125
189.000000	-3.361337
190.000000	-3.363525
191.000000	-3.365691
192.000000	-3.367835
193.000000	-3.369956
194.000000	-3.372055
195.000000	-3.374133
196.000000	-3.376190
197.000000	-3.378225
198.000000	-3.380240
199.000000	-3.382234
200.000000	-3.384209
201.000000	-3.386163
202.000000	-3.388098
203.000000	-3.390014
204.000000	-3.391910
205.000000	-3.393788
206.000000	-3.395647
207.000000	-3.397488
208.000000	-3.399310
209.000000	-3.401115
210.000000	-3.402902
211.000000	-3.404671
212.000000	-3.406424
213.000000	-3.408159
214.000000	-3.409878
215.000000	-3.411580
216.000000	-3.413266
217.000000	-3.414935
218.000000	-3.416589
219.000000	-3.418227
220.000000	-3.419850
221.000000	-3.421457
222.000000	-3.423048
223.000000	-3.424625
224.000000	-3.426187
225.000000	-3.427735
226.000000	-3.429268
227.000000	-3.430787
228.000000	-3.432291
229.000000	-3.433782
230.000000	-3.435259
231.000000	-3.436723
232.000000	-3.438173
233.000000	-3.439609
234.000000	-3.441033
235.000000	-3.442443
236.000000	-3.443841
237.000000	-3.445226
238.000000	-3.446599
239.000000	-3.447959
240.000000	-3.449307
241.000000	-3.450643
242.000000	-3.451967
243.000000	-3.453280
244.000000	-3.454580
245.000000	-3.455869
246.000000	-3.457147
247.000000	-3.458413
248.000000	-3.459668
249.000000	-3.460912
250.000000	-3.462146
251.000000	-3.463368
252.000000	-3.464580
253.000000	-3.465781
254.000000	-3.466972
255.000000	-3.468153
256.000000	-3.469323
257.000000	-3.470483
258.000000	-3.471634
259.000000	-3.472774
260.000000	-3.473905
261.000000	-3.475026
262.000000	-3.476137
263.000000	-3.477239
264.000000	-3.478332
265.000000	-3.479416
266.000000	-3.480490
267.000000	-3.481555
268.000000	-3.482612
269.000000	-3.483659
270.000000	-3.484698
271.000000	-3.485728
272.000000	-3.486749
273.000000	-3.487762
274.000000	-3.488767
275.000000	-3.489763
276.000000	-3.490751
277.000000	-3.491731
278.000000	-3.492703
279.000000	-3.493667
280.000000	-3.494623
281.000000	-3.495571
282.000000	-3.496512
283.000000	-3.497445
284.000000	-3.498370
285.000000	-3.499288
286.000000	-3.500198
287.000000	-3.501101
288.000000	-3.501997
289.000000	-3.502886
290.000000	-3.503767
291.000000	-3.504642
292.000000	-3.505509
293.000000	-3.506370
294.000000	-3.507224
295.000000	-3.508070
296.000000	-3.508911
297.000000	-3.509744
298.000000	-3.510571
299.000000	-3.511392
300.000000	-3.512206
301.000000	-3.513014
302.000000	-3.513815
303.000000	-3.514610
304.000000	-3.515399
305.000000	-3.516182
306.000000	-3.516959
307.000000	-3.517729
308.000000	-3.518494
309.000000	-3.519253
310.000000	-3.520006
311.000000	-3.520753
312.000000	-3.521494
313.000000	-3.522230
314.000000	-3.522960
315.000000	-3.523685
316.000000	-3.524404
317.000000	-3.525118
318.000000	-3.525826
319.000000	-3.526529
320.000000	-3.527226
321.000000	-3.527918
322.000000	-3.528605
323.000000	-3.529287
324.000000	-3.529964
325.000000	-3.530635
326.000000	-3.531302
327.000000	-3.531964
328.000000	-3.532620
329.000000	-3.533272
330.000000	-3.533919
331.000000	-3.534561
332.000000	-3.535199
333.000000	-3.535831
334.000000	-3.536459
335.000000	-3.537083
336.000000	-3.537702
337.000000	-3.538316
338.000000	-3.538926
339.000000	-3.539531
340.000000	-3.540132
341.000000	-3.540728
342.000000	-3.541321
343.000000	-3.541908
344.000000	-3.542492
345.000000	-3.543071
346.000000	-3.543647
347.000000	-3.544218
348.000000	-3.544785
349.000000	-3.545347
350.000000	-3.545906
351.000000	-3.546461
352.000000	-3.547012
353.000000	-3.547559
354.000000	-3.548102
355.000000	-3.548641
356.000000	-3.549176
357.000000	-3.549708
358.000000	-3.550235
359.000000	-3.550759
360.000000	-3.551280
361.000000	-3.551796
362.000000	-3.552309
363.000000	-3.552818
364.000000	-3.553324
365.000000	-3.553826
366.000000	-3.554325
367.000000	-3.554820
368.000000	-3.555312
369.000000	-3.555800
370.000000	-3.556285
371.000000	-3.556767
372.000000	-3.557245
373.000000	-3.557720
374.000000	-3.558192
375.000000	-3.558660
376.000000	-3.559125
377.000000	-3.559587
378.000000	-3.560046
379.000000	-3.560502
380.000000	-3.560954
381.000000	-3.561404
382.000000	-3.561850
383.000000	-3.562293
384.000000	-3.562734
385.000000	-3.563171
386.000000	-3.563605
387.000000	-3.564037
388.000000	-3.564465
389.000000	-3.564891
390.000000	-3.565313
391.000000	-3.565733
392.000000	-3.566150
393.000000	-3.566564
394.000000	-3.566976
395.000000	-3.567385
396.000000	-3.567790
397.000000	-3.568194
398.000000	-3.568594
399.000000	-3.568992
400.000000	-3.569387
401.000000	-3.569780
402.000000	-3.570170
403.000000	-3.570557
404.000000	-3.570942
405.000000	-3.571325
406.000000	-3.571705
407.000000	-3.572082
408.000000	-3.572457
409.000000	-3.572829
410.000000	-3.573199
411.000000	-3.573567
412.000000	-3.573932
413.000000	-3.574294
414.000000	-3.574655
415.000000	-3.575013
416.000000	-3.575369
417.000000	-3.575722
418.000000	-3.576073
419.000000	-3.576422
420.000000	-3.576768
421.000000	-3.577113
422.000000	-3.577455
423.000000	-3.577795
424.000000	-3.578133
425.000000	-3.578468
426.000000	-3.578802
427.000000	-3.579133
428.000000	-3.579462
429.000000	-3.579789
430.000000	-3.580114
431.000000	-3.580437
432.000000	-3.580758
433.000000	-3.581077
434.000000	-3.581394
435.000000	-3.581709
436.000000	-3.582022
437.000000	-3.582332
438.000000	-3.582641
439.000000	-3.582948
440.000000	-3.583253
441.000000	-3.583557
442.000000	-3.583858
443.000000	-3.584157
444.000000	-3.584455
445.000000	-3.584750
446.000000	-3.585044
447.000000	-3.585336
448.000000	-3.585626
449.000000	-3.585915
450.000000	-3.586201
451.000000	-3.586486
452.000000	-3.586769
453.000000	-3.587051
454.000000	-3.587330
455.000000	-3.587608
456.000000	-3.587884
457.000000	-3.588159
458.000000	-3.588431
459.000000	-3.588703
460.000000	-3.588972
461.000000	-3.589240
462.000000	-3.589506
463.000000	-3.589771
464.000000	-3.590034
465.000000	-3.590295
466.000000	-3.590555
467.000000	-3.590813
468.000000	-3.591070
469.000000	-3.591325
470.000000	-3.591578
471.000000	-3.591830
472.000000	-3.592081
473.000000	-3.592330
474.000000	-3.592578
475.000000	-3.592824
476.000000	-3.593068
477.000000	-3.593311
478.000000	-3.593553
479.000000	-3.593793
480.000000	-3.594032
481.000000	-3.594270
482.000000	-3.594506
483.000000	-3.594740
484.000000	-3.594974
485.000000	-3.595206
486.000000	-3.595436
487.000000	-3.595665
488.000000	-3.595893
489.000000	-3.596120
490.000000	-3.596345
491.000000	-3.596569
492.000000	-3.596791
493.000000	-3.597012
494.000000	-3.597232
495.000000	-3.597451
496.000000	-3.597668
497.000000	-3.597884
498.000000	-3.598099
499.000000	-3.598313
500.000000	-3.598525
501.000000	-3.598737
